C++:
130
132.3
96.7
83
120.9
89.3
100.4
67.3
106.5
108.9
66.8
126.4
70
102.3
103.3
70
105.6
66.4
111.2
72
102.5
105.4
66.9
106.1
79.1
120.2
123.7
66.5
102.2
66.4
105.4
129.5
70.9
120.6
69.5
108
107
77.6
131.5
66.8
112
105.6
66.5
108.7
76.4
130.8
120.1
65.9
126.9
66.9
128
67
122.7
101.8
66.3
123.1
103.2
142.2
119.7
71.9
119
67.6
149.7
132.3
67.3
118.4
70.5
149.8
136.5
67.2
118.4
67.1
112.1
141.4
77.1
111.8
67.3
108
114.4
72.1
132.2
70.8
104
67.2
101.6
113.2
73.3
112.9
66.9
109.5
106.2
66.7
112.5
72.6
127
106.8
66.8
102.9
67.4
130.9
Average:
86.8889

Java
42.8
39.2
34.8
33.7
34.4
34.3
33.7
33.3
36.5
43.8
35.7
36.0
37.9
35.6
33.9
34.1
40.1
35.6
43.1
46.3
40.8
34.6
36.9
43.2
35.1
37.0
38.6
38.6
34.9
38.8
35.3
32.3
33.6
33.2
32.9
33.7
32.5
35.0
33.4
42.0
38.7
32.4
34.7
42.3
33.0
41.0
38.5
36.6
34.8
41.8
33.2
34.0
38.5
35.0
32.9
33.3
32.5
33.1
33.2
36.6
57.2
37.5
37.2
42.8
39.9
38.5
35.1
40.9
36.7
51.6
40.9
32.5
25.8
32.4
28.7
19.1
10.4
11.0
14.7
14.1
10.5
11.1
11.3
11.2
10.7
11.0
11.5
11.6
11.5
10.8
11.0
12.7
14.5
14.4
12.2
11.2
15.3
14.9
10.5
15.6
Average:
30.255102040816322

Python:
129.899
130.005
130.122
130.048
129.894
129.998
139.974
151.757
144.701
139.985
142.412
130.114
129.9
129.933
130.03
140.172
129.728
130.199
129.901
140.002
130.096
139.869
130.077
139.965
130.011
139.898
130.059
140.045
129.992
139.958
141.755
131.032
140.023
130.318
129.739
130.047
129.906
120.068
129.964
129.949
130.067
130.046
129.949
130.071
129.937
130.128
140.101
130.051
130.046
140.054
129.909
133.543
129.836
140.306
138.978
131.04
139.691
140.0
130.037
140.029
141.619
129.962
140.148
129.868
140.042
139.995
137.856
139.824
139.992
135.351
140.123
139.953
130.139
139.789
140.058
130.024
144.533
129.921
142.334
129.968
139.998
140.061
139.929
130.019
139.972
138.855
139.899
129.922
140.003
140.132
139.997
129.921
140.037
139.915
129.984
140.083
139.91
140.051
138.784
144.941
Average:
133.06512328767124