C++:
2
0.6
0.6
0.7
0.7
0.6
0.7
0.7
0.7
0.6
0.6
0.7
0.7
0.6
0.6
0.7
0.7
0.7
0.6
0.6
0.6
0.7
0.7
0.6
0.6
0.6
0.7
0.7
0.7
0.6
0.7
0.7
0.6
0.6
0.6
0.7
0.7
0.6
0.6
0.6
0.6
0.7
0.6
0.6
0.7
0.7
0.6
0.6
0.7
0.7
0.7
0.7
0.6
0.6
0.7
0.7
0.7
0.7
0.6
0.6
0.7
0.7
0.7
0.6
0.6
0.7
0.7
0.7
0.6
0.7
0.7
0.7
0.6
0.6
0.7
0.7
0.7
0.7
0.6
0.6
0.6
0.7
0.7
0.7
0.6
0.6
0.6
0.7
0.7
0.7
0.6
0.8
0.7
0.7
0.6
0.6
0.7
0.6
0.6
0.6
Average:
0.654545

Java
9.1
10.0
9.1
9.1
9.0
9.0
9.1
9.1
9.1
9.1
9.1
9.1
13.3
9.4
9.0
9.0
9.1
9.0
9.0
9.0
14.2
9.0
9.0
9.1
9.0
9.0
9.0
8.9
9.0
9.0
9.0
9.0
9.1
9.1
9.1
9.1
9.1
9.0
9.1
9.0
9.0
9.0
8.8
9.1
9.1
9.0
9.0
9.0
9.0
9.0
9.0
9.0
9.1
9.0
12.3
9.2
9.0
9.0
9.0
9.0
19.1
9.1
9.3
9.3
9.1
9.3
8.9
8.9
9.0
8.9
8.9
8.9
8.9
8.9
8.9
9.2
9.2
8.8
8.8
8.8
9.3
11.4
13.7
8.8
9.2
9.0
9.1
12.2
2.9
2.6
2.7
2.9
3.1
3.1
3.5
3.6
3.6
3.8
4.0
4.2
Average:
8.291304347826086

Python:
47.138
47.7
46.485
48.417
30.063
40.061
40.005
39.998
39.857
40.154
39.999
29.989
40.582
39.298
29.998
41.1
29.718
40.003
34.617
39.836
29.411
37.675
37.342
39.83
41.275
39.833
41.686
36.18
44.017
34.538
40.165
42.268
36.771
40.014
40.22
30.59
39.305
30.713
39.796
30.041
39.449
30.585
39.984
29.538
40.474
40.009
30.002
39.991
29.962
39.977
30.135
39.907
30.047
39.921
30.044
40.114
29.594
40.263
39.575
30.456
40.001
30.023
40.025
29.964
39.925
30.058
40.197
29.804
40.028
30.11
39.986
29.942
39.895
30.197
39.623
40.253
29.97
39.91
29.253
33.879
19.964
20.0
29.999
19.999
20.002
20.001
20.0
29.999
20.0
20.0
29.976
39.999
30.013
39.988
30.0
40.0
29.998
39.999
40.002
32.298
Average:
34.531595744680835