C++:
1.8
0.5
0.5
0.5
0.5
0.5
0.5
0.5
0.5
0.5
0.5
0.5
0.5
0.5
0.5
0.5
0.5
0.5
0.5
0.5
0.5
0.5
0.5
0.5
0.5
0.5
0.5
0.5
0.5
0.5
0.5
0.5
0.5
0.5
0.5
0.5
0.5
0.5
0.5
0.5
0.5
0.5
0.5
0.5
0.5
0.5
0.5
0.5
0.5
0.5
0.5
0.5
0.5
0.5
0.5
0.5
0.5
0.5
0.5
0.5
0.5
0.5
0.5
0.5
0.5
0.5
0.5
0.5
0.5
0.5
0.5
0.5
0.5
0.5
0.5
0.5
0.5
0.5
0.5
0.5
0.5
0.5
0.5
0.5
0.5
0.5
0.5
0.5
0.5
0.5
0.5
0.5
0.5
0.5
0.5
0.5
0.6
0.5
0.5
0.5
Average:
0.50101

Java
7.1
8.1
7.2
7.2
7.1
7.2
13.2
7.2
7.2
7.2
7.2
7.2
7.2
7.2
7.2
7.2
7.2
7.3
7.2
7.2
7.2
7.2
7.2
7.2
7.2
7.2
7.2
7.2
7.2
7.2
7.2
7.2
7.1
7.2
7.2
7.2
7.2
7.2
7.2
7.2
7.2
7.2
6.9
7.2
7.2
7.2
7.3
7.2
7.2
10.5
7.2
7.2
7.2
7.2
7.2
7.2
7.2
7.2
7.3
7.2
13.9
7.3
7.6
7.2
7.4
7.3
7.3
7.5
7.1
7.0
7.0
7.0
7.0
7.0
7.1
7.1
7.1
7.1
7.1
7.1
7.4
7.1
7.1
7.2
7.2
7.5
8.3
5.3
5.1
5.7
5.4
5.6
9.2
5.8
5.8
5.9
6.0
6.1
6.1
6.3
Average:
7.010638297872338

