C++:
2
0.6
0.6
0.7
0.6
0.6
0.6
0.6
0.5
0.6
0.6
0.5
0.6
0.6
0.5
0.6
0.5
0.5
0.6
0.5
0.5
0.6
0.5
0.6
0.6
0.5
0.6
0.6
0.5
0.6
0.5
0.6
0.6
0.5
0.6
0.6
0.5
0.6
0.5
0.5
0.6
0.5
0.6
0.6
0.5
0.6
0.6
0.5
0.6
0.6
0.5
0.6
0.6
0.5
0.6
0.5
0.5
0.6
0.5
0.5
0.6
0.5
0.5
0.6
0.5
0.6
0.6
0.5
0.6
0.6
0.5
0.6
0.5
0.5
0.6
0.5
0.6
0.6
0.5
0.6
0.6
0.5
0.6
0.5
0.5
0.6
0.5
0.6
0.6
0.5
0.6
0.6
0.5
0.6
0.5
0.5
0.6
0.5
0.5
0.6
Average:
0.557576

Java
6.6
7.5
10.6
6.7
6.7
6.7
6.7
6.7
6.7
6.6
6.7
6.7
6.6
6.7
6.6
6.7
6.6
6.7
6.7
6.6
6.7
6.6
6.7
6.6
6.7
6.6
6.6
11.1
6.7
6.6
6.7
6.6
6.7
6.6
6.7
6.6
6.6
6.7
6.6
6.7
6.7
6.6
6.4
6.7
6.6
6.7
6.6
6.7
6.6
6.6
6.7
6.6
6.7
6.6
6.7
6.6
6.7
6.6
6.7
6.6
14.1
8.1
7.5
7.2
7.2
7.2
7.2
7.2
7.7
7.2
10.6
7.2
7.4
7.3
7.3
7.5
7.5
7.1
7.1
7.1
7.5
7.2
7.1
7.2
7.1
7.2
7.1
7.1
7.1
7.1
7.1
7.1
7.1
7.1
7.1
7.1
7.2
6.7
5.6
8.0
Average:
6.8531914893617065

