C++:
154196
93676
58688
48548
45924
43676
44356
43112
45452
43712
45852
45308
42984
42624
45304
40720
41992
40688
41788
42460
41168
39580
46372
40244
45228
44004
42980
39892
41268
41688
41588
39084
42864
40956
39212
39304
41088
43032
37680
41132
42948
41636
39376
41840
43048
41908
39788
39972
40824
42580
39384
41864
39980
42868
39796
41164
37904
40868
42952
40908
42364
39684
38928
40384
41540
42704
41536
43832
42032
41804
41612
42440
40900
41844
40612
39896
41456
38940
40600
43724
42132
40524
39948
42120
41228
39632
41720
39796
42232
37436
39920
40216
42944
40780
40212
42204
41644
39356
41104
43224
Average:
41254.9

Java
153052.0
107540.0
71828.0
62828.0
68984.0
61380.0
58932.0
57216.0
54392.0
58896.0
57496.0
63768.0
65240.0
59964.0
68900.0
65664.0
70948.0
69616.0
65872.0
61208.0
62128.0
66372.0
72128.0
63980.0
66168.0
64584.0
65084.0
46000.0
66440.0
60332.0
61168.0
60728.0
60732.0
58212.0
56076.0
56376.0
62796.0
57388.0
61068.0
60840.0
56360.0
63540.0
57004.0
62264.0
57296.0
59944.0
50640.0
64268.0
58100.0
58360.0
59964.0
61724.0
61228.0
59280.0
58748.0
60336.0
59396.0
61436.0
68196.0
67412.0
63272.0
60476.0
53236.0
61564.0
57444.0
62620.0
56352.0
58212.0
59484.0
62436.0
57180.0
57096.0
61200.0
74752.0
66012.0
64812.0
59376.0
56808.0
59696.0
56952.0
61032.0
55560.0
59448.0
62644.0
58996.0
61476.0
58592.0
58800.0
60268.0
56712.0
61440.0
53380.0
56552.0
61200.0
55180.0
57276.0
56000.0
55524.0
64980.0
60028.0
Average:
60336.59574468085

Python:
159884.0
78704.0
119952.0
80020.0
119980.0
79988.0
120044.0
79988.0
119976.0
80036.0
119988.0
80008.0
120048.0
79996.0
119960.0
80028.0
80000.0
119992.0
79940.0
120028.0
80032.0
79952.0
80008.0
79988.0
119996.0
79964.0
120032.0
79968.0
80016.0
119988.0
80020.0
120036.0
86968.0
80256.0
79964.0
80028.0
74948.0
79964.0
80060.0
119964.0
80004.0
80000.0
80004.0
79972.0
80048.0
79996.0
79980.0
80036.0
79968.0
79980.0
80040.0
79964.0
79992.0
80000.0
80064.0
125080.0
80356.0
119924.0
80624.0
79380.0
91608.0
79272.0
120012.0
111384.0
80992.0
120020.0
80032.0
79980.0
80036.0
119388.0
83472.0
80308.0
80220.0
76020.0
123612.0
79788.0
81116.0
119224.0
79872.0
79936.0
120192.0
80076.0
79856.0
119844.0
79272.0
80768.0
80124.0
80220.0
79700.0
94748.0
79868.0
80388.0
79600.0
80540.0
80216.0
80000.0
80224.0
80092.0
79964.0
79940.0
Average:
86506.29213483146