C++:
32200
26100
29500
28300
27800
27900
28300
28700
28800
30200
20400
18000
18100
18200
18000
16900
17300
17000
17200
17000
17100
17000
17500
18700
17900
17000
17800
18700
17000
17000
23400
17100
17300
17100
17400
16900
16900
17000
17100
17100
17400
17100
17200
17100
16900
19400
20000
17400
17400
18200
16900
16700
17000
16600
16000
24600
18200
17400
16800
16400
16500
17700
17700
17400
17000
17100
17100
17400
16900
17300
17100
17300
16800
21600
17200
17000
17300
16900
17600
17400
17000
16700
17400
17100
16700
16700
17000
17400
16700
16900
16900
17300
17500
17000
17200
17500
17700
17300
17100
17000
Average:
17513.3

Java
71780.0
4400.0
3360.0
3520.0
3280.0
4280.0
3440.0
3440.0
2820.0
3220.0
3900.0
3480.0
3600.0
3520.0
5520.0
3240.0
3040.0
3060.0
2560.0
3100.0
3820.0
2800.0
5680.0
3300.0
3700.0
3480.0
3300.0
2620.0
3940.0
3260.0
2580.0
3020.0
3060.0
4600.0
2760.0
2820.0
3920.0
2940.0
3240.0
2820.0
2560.0
2780.0
2840.0
2560.0
3440.0
3000.0
3020.0
2980.0
3760.0
3280.0
2540.0
4280.0
4620.0
2820.0
5820.0
2960.0
2720.0
3080.0
3980.0
4040.0
2880.0
3000.0
3020.0
3340.0
3100.0
3020.0
2540.0
2840.0
2740.0
3100.0
3220.0
2840.0
7140.0
3980.0
4340.0
2920.0
2680.0
2700.0
2660.0
2520.0
3320.0
2660.0
2520.0
2920.0
2680.0
2400.0
2720.0
2760.0
2820.0
2720.0
2740.0
2720.0
2340.0
2560.0
2560.0
2280.0
3640.0
4040.0
4060.0
3520.0
Average:
3037.906976744186

Python:
4086.3
4981.6
4014.5
4982.2
4921.9
4078.3
5013.1
3977.8
5005.3
4007.3
4996.3
3999.4
5004.4
4004.9
4991.4
4992.2
4009.8
4997.6
3997.3
5003.9
3995.6
4971.2
4035.8
5002.1
4994.6
4336.5
5000.5
3909.5
5997.0
7044.4
6924.0
6317.6
5752.8
4991.8
6436.6
5241.6
5983.4
5023.7
5982.7
5987.6
5000.1
6024.9
4980.8
4998.4
6144.8
5001.0
5999.5
5007.8
5998.9
5018.5
5972.2
5010.1
5987.7
5009.9
5998.6
4997.3
5996.9
5008.7
6015.7
4984.5
5007.4
5987.9
4998.6
6006.3
4988.8
6002.4
4996.6
6012.0
4996.5
6000.7
5003.2
5996.6
4998.0
5004.9
5997.3
4998.2
5999.1
4992.1
5929.5
5998.7
5000.0
5999.9
4999.9
6000.2
6000.0
6000.0
4999.9
6000.2
4999.8
5313.3
6323.9
5000.1
6201.4
5050.6
6000.4
5999.7
6000.2
4999.8
6000.2
5999.6
Average:
5275.370408163267