C++:
8400
1200
9100
9200
7800
9100
9100
1100
10400
8100
5800
5800
7500
6000
5900
900
5600
5700
5000
5600
5500
5500
5000
700
7400
6300
900
700
6000
5800
700
600
5900
5900
700
700
6600
5900
800
700
6100
5900
700
700
6000
5900
700
700
6100
5900
700
700
6100
5800
700
600
6000
5800
700
600
6100
5600
5500
700
5900
5900
5600
5600
6000
5800
5400
700
6000
5700
5800
5600
6100
5800
5400
700
6000
5900
5600
5500
6000
5900
5500
600
5900
5800
11600
6500
6600
6400
6500
700
6700
6500
6500
6500
Average:
4705.1

Java
114400.0
11800.0
4300.0
3800.0
3300.0
3200.0
3200.0
3200.0
3100.0
3100.0
3000.0
3100.0
3100.0
3100.0
3200.0
3200.0
3100.0
3100.0
3000.0
3200.0
3000.0
3100.0
3200.0
3100.0
3000.0
3100.0
3100.0
3000.0
3100.0
3400.0
3100.0
3100.0
3100.0
3200.0
3200.0
3200.0
3100.0
3100.0
3100.0
3200.0
3200.0
3100.0
3100.0
3100.0
3200.0
3200.0
3200.0
3100.0
3200.0
3200.0
3100.0
3200.0
8600.0
5200.0
5100.0
4900.0
4700.0
5400.0
5200.0
6300.0
5500.0
5400.0
5600.0
5400.0
6200.0
5400.0
5500.0
5600.0
5200.0
12900.0
6000.0
5300.0
5700.0
5200.0
5100.0
5100.0
5100.0
5500.0
5300.0
4500.0
5100.0
5400.0
5600.0
8500.0
5400.0
5900.0
5400.0
5400.0
5100.0
6000.0
5600.0
5600.0
13900.0
6000.0
5500.0
5400.0
5400.0
6200.0
5800.0
5300.0
Average:
4403.092783505154

Python:
226352.0
160008.0
160064.0
170272.0
178812.0
158708.0
159996.0
200000.0
160008.0
173128.0
167816.0
160284.0
159984.0
159992.0
199996.0
200000.0
225928.0
211632.0
199948.0
200072.0
200012.0
159976.0
199940.0
159992.0
160032.0
159960.0
199996.0
160000.0
160008.0
159940.0
200104.0
159972.0
160000.0
160004.0
159944.0
199996.0
159992.0
160096.0
199976.0
160008.0
167524.0
162128.0
159928.0
160048.0
240036.0
186844.0
200008.0
160020.0
199996.0
160000.0
200016.0
279972.0
200008.0
159996.0
159984.0
160008.0
199996.0
159952.0
160036.0
200000.0
169584.0
159984.0
200072.0
159872.0
172240.0
199932.0
160012.0
159976.0
159920.0
160084.0
159976.0
159976.0
159940.0
200068.0
168792.0
160064.0
200012.0
159920.0
170088.0
201356.0
200080.0
199928.0
200116.0
159968.0
166944.0
159996.0
138512.0
159920.0
160064.0
160000.0
159916.0
252128.0
159920.0
160016.0
168936.0
159924.0
160108.0
199968.0
159932.0
160036.0
Average:
172358.29787234042